-21.4285
12.0002
13.7145
14.1431
15.0002
15.8574
16.2859
-25.7143
-24.4286
-23.5714
-22.7143
-21.6428
-20.5714
-18.4285
-17.4285
-16.4285
-30.4286
-30.4286
-27.8571
-25.2857
-21.8571
-19.9285
-18
-11.9999
-5.14274
-19.2857
-22.2857
-24.8571
-26.1428
-24
-16.7142
-11.9999
-0.428432
6.42875
-24.4286
-7.71418
2.14301
9.00019
15.4288
20.5717
24.0003
33.8575
9.85733
4.71445
3.00016
2.14301
6.42875
8.57161
13.2859
17.1431
1.71444
-7.71418
-13.2856
-16.2857
-10.7142
-6.85704
-2.14273
0.643002
3.42873
10.2859
12.8573
19.286
-1.28558
-6.85704
-11.1428
-13.7142
-14.1428
-12.8571
-10.7142
-8.57133
-4.71417
-1.71415
1.28586
7.28589
12.8573
18.4288
15.4288
11.5716
7.28589
3.00016
0.000141144
-1.28558
-1.71415
-0.428432
2.57158
4.71445
9.85733
9.85733
1.28586
-11.9999
-25.2857
-28.2857
-24.4286
-24.4286
-22.7143
-22.6071
-22.5
-22.3928
-22.2857
-22.1785
